Main: onMessage - Start
  Time stamp: 1477010467950000
  Sensor type (string): R
= = = = = = = = = = = = = = = = = = = = = = = = = = = = = =
EKF: ProcessMeasurement - Start
  Time stamp: 1477010467950000
  Sensor type: 1
  Raw measurements: 
 13.2691
 2.16184
-2.40572
  Inititialized: 0
  Inititialized: 1
  EKF state x: 
-7.39396
 11.0181
 1.34054
-1.99761
  EKF error noise P: 
   1    0    0    0
   0    1    0    0
   0    0 1000    0
   0    0    0 1000
--- EKF: ProcessMeasurement - End
- - - - - - - - - - - - - - - - - - - - - - - - - - - - - -
= = = = = = = = = = = = = = = = = = = = = = = = = = = = = =
Tools: CalculateRMSE - Start
  RMSE: 
0.414126
0.111735
 3.85946
 1.99761
--- Tools: CalculateRMSE - End
- - - - - - - - - - - - - - - - - - - - - - - - - - - - - -
  Message: 42["estimate_marker",{"estimate_x":-7.39395746733867,"estimate_y":11.0180945621821,"rmse_vx":3.85945869950403,"rmse_vy":1.99760559600451,"rmse_x":0.414126467338674,"rmse_y":0.111734562182097}]
--- Main: onMessage - End
Main: onMessage - Start
  Time stamp: 1477010443000000
  Sensor type (string): L
= = = = = = = = = = = = = = = = = = = = = = = = = = = = = =
EKF: ProcessMeasurement - Start
  Time stamp: 1477010443000000
  Sensor type: 0
  Raw measurements: 
0.312243
 0.58034
  Inititialized: 1
= = = = = = = = = = = = = = = = = = = = = = = = = = = = = =
KALMAN: Predict - Start
  Model F: 
     1      0 -24.95      0
     0      1      0 -24.95
     0      0      1      0
     0      0      0      1
  State x (px, py, vx, vy): 
-7.39396
 11.0181
 1.34054
-1.99761
  Error noise P: 
   1    0    0    0
   0    1    0    0
   0    0 1000    0
   0    0    0 1000
  Process noise Q: 
  871896        0 -69891.5        0
       0   871896        0 -69891.5
-69891.5        0  5602.52        0
       0 -69891.5        0  5602.52
  Inverse model Ft: 
     1      0      0      0
     0      1      0      0
-24.95      0      1      0
     0 -24.95      0      1
  New state x (px, py, vx, vy): 
-40.8405
 60.8584
 1.34054
-1.99761
  New error noise P: 
1.4944e+06          0   -94841.5          0
         0 1.4944e+06          0   -94841.5
  -94841.5          0    6602.52          0
         0   -94841.5          0    6602.52
--- KALMAN: Predict - End
- - - - - - - - - - - - - - - - - - - - - - - - - - - - - -
= = = = = = = = = = = = = = = = = = = = = = = = = = = = = =
KALMAN: Update - Start
  Measurement z: 
0.312243
 0.58034
  Measurement matrix H: 
1 0 0 0
0 1 0 0
  State x (px, py, vx, vy): 
-40.8405
 60.8584
 1.34054
-1.99761
= = = = = = = = = = = = = = = = = = = = = = = = = = = = = =
KALMAN: UpdateWithY - Start
  Measurement post fit y: 
41.1527
-60.278
  State x (px, py, vx, vy): 
-40.8405
 60.8584
 1.34054
-1.99761
  Error noise P: 
1.4944e+06          0   -94841.5          0
         0 1.4944e+06          0   -94841.5
  -94841.5          0    6602.52          0
         0   -94841.5          0    6602.52
  Measurement matrix H: 
1 0 0 0
0 1 0 0
  Identity matrix I: 
1 0 0 0
0 1 0 0
0 0 1 0
0 0 0 1
  Measurement matrix transposed Ht: 
1 0
0 1
0 0
0 0
  Innovation covariance matrix S: 
1.4944e+06          0
         0 1.4944e+06
  Innovation covariance matrix inversed Si: 
6.69165e-07           0
          0 6.69165e-07
  Optimal KALMAN gain matrix K: 
         1          0
         0          1
-0.0634646          0
         0 -0.0634646
  New state x (px, py, vx, vy): 
0.312242
0.580341
 -1.2712
 1.82791
  New error noise P: 
     0.0225           0 -0.00142795           0
          0      0.0225           0 -0.00142795
-0.00142795           0     583.447           0
          0 -0.00142795           0     583.447
--- KALMAN: UpdateWithY - End
- - - - - - - - - - - - - - - - - - - - - - - - - - - - - -
  Measurement post fit y: 
41.1527
-60.278
--- KALMAN: Update - End
- - - - - - - - - - - - - - - - - - - - - - - - - - - - - -
  Delta time: -24.95
  EKF model F: 
     1      0 -24.95      0
     0      1      0 -24.95
     0      0      1      0
     0      0      0      1
  EKF process noise Q: 
  871896        0 -69891.5        0
       0   871896        0 -69891.5
-69891.5        0  5602.52        0
       0 -69891.5        0  5602.52
  EKF state x: 
0.312242
0.580341
 -1.2712
 1.82791
  EKF error noise P: 
     0.0225           0 -0.00142795           0
          0      0.0225           0 -0.00142795
-0.00142795           0     583.447           0
          0 -0.00142795           0     583.447
--- EKF: ProcessMeasurement - End
- - - - - - - - - - - - - - - - - - - - - - - - - - - - - -
= = = = = = = = = = = = = = = = = = = = = = = = = = = = = =
Tools: CalculateRMSE - Start
  RMSE: 
 0.356585
0.0802219
  5.32781
  1.91464
--- Tools: CalculateRMSE - End
- - - - - - - - - - - - - - - - - - - - - - - - - - - - - -
  Message: 42["estimate_marker",{"estimate_x":0.312242080396061,"estimate_y":0.580340707558676,"rmse_vx":5.32780523806094,"rmse_vy":1.91464081096873,"rmse_x":0.356584738347841,"rmse_y":0.0802218803236321}]
--- Main: onMessage - End
Main: onMessage - Start
  Time stamp: 1477010443050000
  Sensor type (string): R
= = = = = = = = = = = = = = = = = = = = = = = = = = = = = =
EKF: ProcessMeasurement - Start
  Time stamp: 1477010443050000
  Sensor type: 1
  Raw measurements: 
 1.01489
0.554329
 4.89281
  Inititialized: 1
= = = = = = = = = = = = = = = = = = = = = = = = = = = = = =
KALMAN: Predict - Start
  Model F: 
   1    0 0.05    0
   0    1    0 0.05
   0    0    1    0
   0    0    0    1
  State x (px, py, vx, vy): 
0.312242
0.580341
 -1.2712
 1.82791
  Error noise P: 
     0.0225           0 -0.00142795           0
          0      0.0225           0 -0.00142795
-0.00142795           0     583.447           0
          0 -0.00142795           0     583.447
  Process noise Q: 
1.40625e-05           0   0.0005625           0
          0 1.40625e-05           0   0.0005625
  0.0005625           0      0.0225           0
          0   0.0005625           0      0.0225
  Inverse model Ft: 
   1    0    0    0
   0    1    0    0
0.05    0    1    0
   0 0.05    0    1
  New state x (px, py, vx, vy): 
0.248682
0.671736
 -1.2712
 1.82791
  New error noise P: 
1.48099       0 29.1715       0
      0 1.48099       0 29.1715
29.1715       0 583.469       0
      0 29.1715       0 583.469
--- KALMAN: Predict - End
- - - - - - - - - - - - - - - - - - - - - - - - - - - - - -
= = = = = = = = = = = = = = = = = = = = = = = = = = = = = =
Tools: CalculateJacobian - Start
  State x (px, py, vx, vy): 
0.248682
0.671736
 -1.2712
 1.82791
  Jacobian Hj: 
 0.34718 0.937798        0        0
-1.30924 0.484692        0        0
-2.39165 0.885408  0.34718 0.937798
--- Tools: CalculateJacobian - End
- - - - - - - - - - - - - - - - - - - - - - - - - - - - - -
= = = = = = = = = = = = = = = = = = = = = = = = = = = = = =
KALMAN: UpdateEKF - Start
  Measurement z: 
 1.01489
0.554329
 4.89281
  State x (px, py, vx, vy): 
0.248682
0.671736
 -1.2712
 1.82791
= = = = = = = = = = = = = = = = = = = = = = = = = = = = = =
KALMAN: UpdateWithY - Start
  Measurement post fit y: 
 0.298601
-0.661904
  3.61993
  State x (px, py, vx, vy): 
0.248682
0.671736
 -1.2712
 1.82791
  Error noise P: 
1.48099       0 29.1715       0
      0 1.48099       0 29.1715
29.1715       0 583.469       0
      0 29.1715       0 583.469
  Measurement matrix H: 
 0.34718 0.937798        0        0
-1.30924 0.484692        0        0
-2.39165 0.885408  0.34718 0.937798
  Identity matrix I: 
1 0 0 0
0 1 0 0
0 0 1 0
0 0 0 1
  Measurement matrix transposed Ht: 
 0.34718 -1.30924 -2.39165
0.937798 0.484692 0.885408
       0        0  0.34718
       0        0 0.937798
  Innovation covariance matrix S: 
     1.57099 -1.11022e-16      29.1715
           0      2.88741      5.27291
     29.1715      5.27291      593.192
  Innovation covariance matrix inversed Si: 
   8.86946   0.809674  -0.443372
  0.809674    0.42596 -0.0436039
 -0.443372 -0.0436039  0.0238772
  Optimal KALMAN gain matrix K: 
0.0705328 -0.696778 0.0138273
 0.189019  0.180249 0.0374312
0.0239577  -13.8589   0.34589
0.0351003   3.18771  0.935908
  New state x (px, py, vx, vy): 
0.780998
0.744368
 9.16134
 3.11636
  New error noise P: 
  0.00262513   0.00579715   0.00912718 -0.000830418
  0.00579715    0.0159939  -0.00107975   0.00367598
  0.00912718  -0.00107975      7.98455     -2.89845
-0.000830418   0.00367598     -2.89845      1.15726
--- KALMAN: UpdateWithY - End
- - - - - - - - - - - - - - - - - - - - - - - - - - - - - -
  Measurement function hx (roh, phi, rho_dot): 
0.716291
 1.21623
 1.27288
  Measurement post fit y: 
 0.298601
-0.661904
  3.61993
--- KALMAN: UpdateEKF - End
- - - - - - - - - - - - - - - - - - - - - - - - - - - - - -
  Delta time: 0.05
  EKF model F: 
   1    0 0.05    0
   0    1    0 0.05
   0    0    1    0
   0    0    0    1
  EKF process noise Q: 
1.40625e-05           0   0.0005625           0
          0 1.40625e-05           0   0.0005625
  0.0005625           0      0.0225           0
          0   0.0005625           0      0.0225
  EKF state x: 
0.780998
0.744368
 9.16134
 3.11636
  EKF error noise P: 
  0.00262513   0.00579715   0.00912718 -0.000830418
  0.00579715    0.0159939  -0.00107975   0.00367598
  0.00912718  -0.00107975      7.98455     -2.89845
-0.000830418   0.00367598     -2.89845      1.15726
--- EKF: ProcessMeasurement - End
- - - - - - - - - - - - - - - - - - - - - - - - - - - - - -
= = = = = = = = = = = = = = = = = = = = = = = = = = = = = =
Tools: CalculateRMSE - Start
  RMSE: 
0.294701
0.105988
 4.91478
 2.38273
--- Tools: CalculateRMSE - End
- - - - - - - - - - - - - - - - - - - - - - - - - - - - - -
  Message: 42["estimate_marker",{"estimate_x":0.780997778886771,"estimate_y":0.744368239963314,"rmse_vx":4.91478074676926,"rmse_vy":2.3827278860615,"rmse_x":0.294701089570458,"rmse_y":0.105987934255878}]
--- Main: onMessage - End
Main: onMessage - Start
  Time stamp: 1477010443100000
  Sensor type (string): L
= = = = = = = = = = = = = = = = = = = = = = = = = = = = = =
EKF: ProcessMeasurement - Start
  Time stamp: 1477010443100000
  Sensor type: 0
  Raw measurements: 
 1.17385
0.481073
  Inititialized: 1
= = = = = = = = = = = = = = = = = = = = = = = = = = = = = =
KALMAN: Predict - Start
  Model F: 
   1    0 0.05    0
   0    1    0 0.05
   0    0    1    0
   0    0    0    1
  State x (px, py, vx, vy): 
0.780998
0.744368
 9.16134
 3.11636
  Error noise P: 
  0.00262513   0.00579715   0.00912718 -0.000830418
  0.00579715    0.0159939  -0.00107975   0.00367598
  0.00912718  -0.00107975      7.98455     -2.89845
-0.000830418   0.00367598     -2.89845      1.15726
  Process noise Q: 
1.40625e-05           0   0.0005625           0
          0 1.40625e-05           0   0.0005625
  0.0005625           0      0.0225           0
          0   0.0005625           0      0.0225
  Inverse model Ft: 
   1    0    0    0
   0    1    0    0
0.05    0    1    0
   0 0.05    0    1
  New state x (px, py, vx, vy): 
 1.23906
0.900186
 9.16134
 3.11636
  New error noise P: 
  0.0235133 -0.00154449    0.408917   -0.145753
-0.00154449   0.0192687   -0.146002   0.0621015
   0.408917   -0.146002     8.00705    -2.89845
  -0.145753   0.0621015    -2.89845     1.17976
--- KALMAN: Predict - End
- - - - - - - - - - - - - - - - - - - - - - - - - - - - - -
= = = = = = = = = = = = = = = = = = = = = = = = = = = = = =
KALMAN: Update - Start
  Measurement z: 
 1.17385
0.481073
  Measurement matrix H: 
1 0 0 0
0 1 0 0
  State x (px, py, vx, vy): 
 1.23906
0.900186
 9.16134
 3.11636
= = = = = = = = = = = = = = = = = = = = = = = = = = = = = =
KALMAN: UpdateWithY - Start
  Measurement post fit y: 
-0.0652166
 -0.419113
  State x (px, py, vx, vy): 
 1.23906
0.900186
 9.16134
 3.11636
  Error noise P: 
  0.0235133 -0.00154449    0.408917   -0.145753
-0.00154449   0.0192687   -0.146002   0.0621015
   0.408917   -0.146002     8.00705    -2.89845
  -0.145753   0.0621015    -2.89845     1.17976
  Measurement matrix H: 
1 0 0 0
0 1 0 0
  Identity matrix I: 
1 0 0 0
0 1 0 0
0 0 1 0
0 0 0 1
  Measurement matrix transposed Ht: 
1 0
0 1
0 0
0 0
  Innovation covariance matrix S: 
  0.0460133 -0.00154449
-0.00154449   0.0417687
  Innovation covariance matrix inversed Si: 
21.7599 0.80462
0.80462 23.9711
  Optimal KALMAN gain matrix K: 
 0.510403 -0.018104
-0.018104  0.460649
  8.78051  -3.17082
  -3.1216   1.37137
  New state x (px, py, vx, vy): 
 1.21337
0.708302
 9.91763
 2.74518
  New error noise P: 
   0.0114841 -0.000407339     0.197561    -0.070236
-0.000407339    0.0103646   -0.0713435    0.0308558
    0.197561   -0.0713435       3.9536     -1.42175
   -0.070236    0.0308558     -1.42175     0.639614
--- KALMAN: UpdateWithY - End
- - - - - - - - - - - - - - - - - - - - - - - - - - - - - -
  Measurement post fit y: 
-0.0652166
 -0.419113
--- KALMAN: Update - End
- - - - - - - - - - - - - - - - - - - - - - - - - - - - - -
  Delta time: 0.05
  EKF model F: 
   1    0 0.05    0
   0    1    0 0.05
   0    0    1    0
   0    0    0    1
  EKF process noise Q: 
1.40625e-05           0   0.0005625           0
          0 1.40625e-05           0   0.0005625
  0.0005625           0      0.0225           0
          0   0.0005625           0      0.0225
  EKF state x: 
 1.21337
0.708302
 9.91763
 2.74518
  EKF error noise P: 
   0.0114841 -0.000407339     0.197561    -0.070236
-0.000407339    0.0103646   -0.0713435    0.0308558
    0.197561   -0.0713435       3.9536     -1.42175
   -0.070236    0.0308558     -1.42175     0.639614
--- EKF: ProcessMeasurement - End
- - - - - - - - - - - - - - - - - - - - - - - - - - - - - -
= = = = = = = = = = = = = = = = = = = = = = = = = = = = = =
Tools: CalculateRMSE - Start
  RMSE: 
0.259454
0.106514
 4.86638
 2.47682
--- Tools: CalculateRMSE - End
- - - - - - - - - - - - - - - - - - - - - - - - - - - - - -
  Message: 42["estimate_marker",{"estimate_x":1.21336544961149,"estimate_y":0.708302483186174,"rmse_vx":4.86638139497429,"rmse_vy":2.47682320562124,"rmse_x":0.259454375427352,"rmse_y":0.106514266013395}]
--- Main: onMessage - End
Main: onMessage - Start
  Time stamp: 1477010443150000
  Sensor type (string): R
= = = = = = = = = = = = = = = = = = = = = = = = = = = = = =
EKF: ProcessMeasurement - Start
  Time stamp: 1477010443150000
  Sensor type: 1
  Raw measurements: 
 1.0475
0.38924
4.51133
  Inititialized: 1
= = = = = = = = = = = = = = = = = = = = = = = = = = = = = =
KALMAN: Predict - Start
  Model F: 
   1    0 0.05    0
   0    1    0 0.05
   0    0    1    0
   0    0    0    1
  State x (px, py, vx, vy): 
 1.21337
0.708302
 9.91763
 2.74518
  Error noise P: 
   0.0114841 -0.000407339     0.197561    -0.070236
-0.000407339    0.0103646   -0.0713435    0.0308558
    0.197561   -0.0713435       3.9536     -1.42175
   -0.070236    0.0308558     -1.42175     0.639614
  Process noise Q: 
1.40625e-05           0   0.0005625           0
          0 1.40625e-05           0   0.0005625
  0.0005625           0      0.0225           0
          0   0.0005625           0      0.0225
  Inverse model Ft: 
   1    0    0    0
   0    1    0    0
0.05    0    1    0
   0 0.05    0    1
  New state x (px, py, vx, vy): 
 1.70925
0.845561
 9.91763
 2.74518
  New error noise P: 
 0.0411383 -0.0110407   0.395804  -0.141324
-0.0110407  0.0150633  -0.142431   0.063399
  0.395804  -0.142431     3.9761   -1.42175
 -0.141324   0.063399   -1.42175   0.662114
--- KALMAN: Predict - End
- - - - - - - - - - - - - - - - - - - - - - - - - - - - - -
= = = = = = = = = = = = = = = = = = = = = = = = = = = = = =
Tools: CalculateJacobian - Start
  State x (px, py, vx, vy): 
 1.70925
0.845561
 9.91763
 2.74518
  Jacobian Hj: 
  0.89632  0.443408         0         0
-0.232521  0.470025         0         0
 0.450392 -0.910439   0.89632  0.443408
--- Tools: CalculateJacobian - End
- - - - - - - - - - - - - - - - - - - - - - - - - - - - - -
= = = = = = = = = = = = = = = = = = = = = = = = = = = = = =
KALMAN: UpdateEKF - Start
  Measurement z: 
 1.0475
0.38924
4.51133
  State x (px, py, vx, vy): 
 1.70925
0.845561
 9.91763
 2.74518
= = = = = = = = = = = = = = = = = = = = = = = = = = = = = =
KALMAN: UpdateWithY - Start
  Measurement post fit y: 
-0.859456
-0.070157
 -5.59528
  State x (px, py, vx, vy): 
 1.70925
0.845561
 9.91763
 2.74518
  Error noise P: 
 0.0411383 -0.0110407   0.395804  -0.141324
-0.0110407  0.0150633  -0.142431   0.063399
  0.395804  -0.142431     3.9761   -1.42175
 -0.141324   0.063399   -1.42175   0.662114
  Measurement matrix H: 
  0.89632  0.443408         0         0
-0.232521  0.470025         0         0
 0.450392 -0.910439   0.89632  0.443408
  Identity matrix I: 
1 0 0 0
0 1 0 0
0 0 1 0
0 0 0 1
  Measurement matrix transposed Ht: 
  0.89632 -0.232521  0.450392
 0.443408  0.470025 -0.910439
        0         0   0.89632
        0         0  0.443408
  Innovation covariance matrix S: 
   0.117236 -0.00894742    0.235007
-0.00894742   0.0088653   -0.130141
   0.235007   -0.130141     2.75871
  Innovation covariance matrix inversed Si: 
 10.4671 -8.21296  -1.2791
-8.21296  373.287  18.3093
 -1.2791  18.3093  1.33519
  Optimal KALMAN gain matrix K: 
0.0457052  0.101042  0.117117
0.0383364   1.46276 0.0228791
 0.211941  -2.39224   1.04406
-0.136511   4.02028 -0.198226
  New state x (px, py, vx, vy): 
 1.00757
0.581975
 4.06152
 3.68958
  New error noise P: 
 0.00361009  0.00197938   0.0189175  -0.0140716
 0.00197938  0.00378008  0.00477782 0.000736783
  0.0189175  0.00477782    0.149789   -0.100278
 -0.0140716 0.000736783   -0.100278    0.178278
--- KALMAN: UpdateWithY - End
- - - - - - - - - - - - - - - - - - - - - - - - - - - - - -
  Measurement function hx (roh, phi, rho_dot): 
 1.90696
0.459397
 10.1066
  Measurement post fit y: 
-0.859456
-0.070157
 -5.59528
--- KALMAN: UpdateEKF - End
- - - - - - - - - - - - - - - - - - - - - - - - - - - - - -
  Delta time: 0.05
  EKF model F: 
   1    0 0.05    0
   0    1    0 0.05
   0    0    1    0
   0    0    0    1
  EKF process noise Q: 
1.40625e-05           0   0.0005625           0
          0 1.40625e-05           0   0.0005625
  0.0005625           0      0.0225           0
          0   0.0005625           0      0.0225
  EKF state x: 
 1.00757
0.581975
 4.06152
 3.68958
  EKF error noise P: 
 0.00361009  0.00197938   0.0189175  -0.0140716
 0.00197938  0.00378008  0.00477782 0.000736783
  0.0189175  0.00477782    0.149789   -0.100278
 -0.0140716 0.000736783   -0.100278    0.178278
--- EKF: ProcessMeasurement - End
- - - - - - - - - - - - - - - - - - - - - - - - - - - - - -
= = = = = = = = = = = = = = = = = = = = = = = = = = = = = =
Tools: CalculateRMSE - Start
  RMSE: 
 0.285634
0.0956338
  4.38225
  2.75943
--- Tools: CalculateRMSE - End
- - - - - - - - - - - - - - - - - - - - - - - - - - - - - -
  Message: 42["estimate_marker",{"estimate_x":1.00757342327375,"estimate_y":0.581974749805872,"rmse_vx":4.38224810389661,"rmse_vy":2.75942817715067,"rmse_x":0.285634147257893,"rmse_y":0.0956338110148645}]
--- Main: onMessage - End
Main: onMessage - Start
  Time stamp: 1477010443200000
  Sensor type (string): L
= = = = = = = = = = = = = = = = = = = = = = = = = = = = = =
EKF: ProcessMeasurement - Start
  Time stamp: 1477010443200000
  Sensor type: 0
  Raw measurements: 
1.65063
0.62469
  Inititialized: 1
= = = = = = = = = = = = = = = = = = = = = = = = = = = = = =
KALMAN: Predict - Start
  Model F: 
   1    0 0.05    0
   0    1    0 0.05
   0    0    1    0
   0    0    0    1
  State x (px, py, vx, vy): 
 1.00757
0.581975
 4.06152
 3.68958
  Error noise P: 
 0.00361009  0.00197938   0.0189175  -0.0140716
 0.00197938  0.00378008  0.00477782 0.000736783
  0.0189175  0.00477782    0.149789   -0.100278
 -0.0140716 0.000736783   -0.100278    0.178278
  Process noise Q: 
1.40625e-05           0   0.0005625           0
          0 1.40625e-05           0   0.0005625
  0.0005625           0      0.0225           0
          0   0.0005625           0      0.0225
  Inverse model Ft: 
   1    0    0    0
   0    1    0    0
0.05    0    1    0
   0 0.05    0    1
  New state x (px, py, vx, vy): 
 1.21065
0.766454
 4.06152
 3.68958
  New error noise P: 
  0.00589038   0.00126399    0.0269695   -0.0190856
  0.00126399   0.00431351 -0.000236095    0.0102132
   0.0269695 -0.000236095     0.172289    -0.100278
  -0.0190856    0.0102132    -0.100278     0.200778
--- KALMAN: Predict - End
- - - - - - - - - - - - - - - - - - - - - - - - - - - - - -
= = = = = = = = = = = = = = = = = = = = = = = = = = = = = =
KALMAN: Update - Start
  Measurement z: 
1.65063
0.62469
  Measurement matrix H: 
1 0 0 0
0 1 0 0
  State x (px, py, vx, vy): 
 1.21065
0.766454
 4.06152
 3.68958
= = = = = = = = = = = = = = = = = = = = = = = = = = = = = =
KALMAN: UpdateWithY - Start
  Measurement post fit y: 
 0.439977
-0.141764
  State x (px, py, vx, vy): 
 1.21065
0.766454
 4.06152
 3.68958
  Error noise P: 
  0.00589038   0.00126399    0.0269695   -0.0190856
  0.00126399   0.00431351 -0.000236095    0.0102132
   0.0269695 -0.000236095     0.172289    -0.100278
  -0.0190856    0.0102132    -0.100278     0.200778
  Measurement matrix H: 
1 0 0 0
0 1 0 0
  Identity matrix I: 
1 0 0 0
0 1 0 0
0 0 1 0
0 0 0 1
  Measurement matrix transposed Ht: 
1 0
0 1
0 0
0 0
  Innovation covariance matrix S: 
 0.0283904 0.00126399
0.00126399  0.0268135
  Innovation covariance matrix inversed Si: 
 35.2973 -1.66392
-1.66392  37.3731
  Optimal KALMAN gain matrix K: 
  0.205811  0.0374382
 0.0374382   0.159106
  0.952343 -0.0536986
 -0.690662   0.413454
  New state x (px, py, vx, vy): 
1.29589
0.76037
4.48814
 3.3271
  New error noise P: 
 0.00463075 0.000842359   0.0214277  -0.0155399
0.000842359  0.00357989 -0.00120822  0.00930272
  0.0214277 -0.00120822    0.146592  -0.0815539
 -0.0155399  0.00930272  -0.0815539    0.183373
--- KALMAN: UpdateWithY - End
- - - - - - - - - - - - - - - - - - - - - - - - - - - - - -
  Measurement post fit y: 
 0.439977
-0.141764
--- KALMAN: Update - End
- - - - - - - - - - - - - - - - - - - - - - - - - - - - - -
  Delta time: 0.05
  EKF model F: 
   1    0 0.05    0
   0    1    0 0.05
   0    0    1    0
   0    0    0    1
  EKF process noise Q: 
1.40625e-05           0   0.0005625           0
          0 1.40625e-05           0   0.0005625
  0.0005625           0      0.0225           0
          0   0.0005625           0      0.0225
  EKF state x: 
1.29589
0.76037
4.48814
 3.3271
  EKF error noise P: 
 0.00463075 0.000842359   0.0214277  -0.0155399
0.000842359  0.00357989 -0.00120822  0.00930272
  0.0214277 -0.00120822    0.146592  -0.0815539
 -0.0155399  0.00930272  -0.0815539    0.183373
--- EKF: ProcessMeasurement - End
- - - - - - - - - - - - - - - - - - - - - - - - - - - - - -
= = = = = = = = = = = = = = = = = = = = = = = = = = = = = =
Tools: CalculateRMSE - Start
  RMSE: 
0.296164
0.108795
 4.01092
  2.8584
--- Tools: CalculateRMSE - End
- - - - - - - - - - - - - - - - - - - - - - - - - - - - - -
  Message: 42["estimate_marker",{"estimate_x":1.29589406501287,"estimate_y":0.760370395182296,"rmse_vx":4.01092161965442,"rmse_vy":2.85839687551098,"rmse_x":0.296163571293683,"rmse_y":0.108794511080516}]
--- Main: onMessage - End
Main: onMessage - Start
  Time stamp: 1477010443250000
  Sensor type (string): R
= = = = = = = = = = = = = = = = = = = = = = = = = = = = = =
EKF: ProcessMeasurement - Start
  Time stamp: 1477010443250000
  Sensor type: 1
  Raw measurements: 
 1.6983
0.29828
5.20999
  Inititialized: 1
= = = = = = = = = = = = = = = = = = = = = = = = = = = = = =
KALMAN: Predict - Start
  Model F: 
   1    0 0.05    0
   0    1    0 0.05
   0    0    1    0
   0    0    0    1
  State x (px, py, vx, vy): 
1.29589
0.76037
4.48814
 3.3271
  Error noise P: 
 0.00463075 0.000842359   0.0214277  -0.0155399
0.000842359  0.00357989 -0.00120822  0.00930272
  0.0214277 -0.00120822    0.146592  -0.0815539
 -0.0155399  0.00930272  -0.0815539    0.183373
  Process noise Q: 
1.40625e-05           0   0.0005625           0
          0 1.40625e-05           0   0.0005625
  0.0005625           0      0.0225           0
          0   0.0005625           0      0.0225
  Inverse model Ft: 
   1    0    0    0
   0    1    0    0
0.05    0    1    0
   0 0.05    0    1
  New state x (px, py, vx, vy): 
  1.5203
0.926725
 4.48814
  3.3271
  New error noise P: 
  0.00715407 -0.000198932    0.0293198   -0.0196176
-0.000198932   0.00498265  -0.00528592    0.0190339
   0.0293198  -0.00528592     0.169092   -0.0815539
  -0.0196176    0.0190339   -0.0815539     0.205873
--- KALMAN: Predict - End
- - - - - - - - - - - - - - - - - - - - - - - - - - - - - -
= = = = = = = = = = = = = = = = = = = = = = = = = = = = = =
Tools: CalculateJacobian - Start
  State x (px, py, vx, vy): 
  1.5203
0.926725
 4.48814
  3.3271
  Jacobian Hj: 
 0.853868   0.52049         0         0
 -0.29233   0.47957         0         0
-0.147589  0.242121  0.853868   0.52049
--- Tools: CalculateJacobian - End
- - - - - - - - - - - - - - - - - - - - - - - - - - - - - -
= = = = = = = = = = = = = = = = = = = = = = = = = = = = = =
KALMAN: UpdateEKF - Start
  Measurement z: 
 1.6983
0.29828
5.20999
  State x (px, py, vx, vy): 
  1.5203
0.926725
 4.48814
  3.3271
= = = = = = = = = = = = = = = = = = = = = = = = = = = = = =
KALMAN: UpdateWithY - Start
  Measurement post fit y: 
-0.0821871
 -0.249144
  -0.35401
  State x (px, py, vx, vy): 
  1.5203
0.926725
 4.48814
  3.3271
  Error noise P: 
  0.00715407 -0.000198932    0.0293198   -0.0196176
-0.000198932   0.00498265  -0.00528592    0.0190339
   0.0293198  -0.00528592     0.169092   -0.0815539
  -0.0196176    0.0190339   -0.0815539     0.205873
  Measurement matrix H: 
 0.853868   0.52049         0         0
 -0.29233   0.47957         0         0
-0.147589  0.242121  0.853868   0.52049
  Identity matrix I: 
1 0 0 0
0 1 0 0
0 0 1 0
0 0 0 1
  Measurement matrix transposed Ht: 
 0.853868  -0.29233 -0.147589
  0.52049   0.47957  0.242121
        0         0  0.853868
        0         0   0.52049
  Innovation covariance matrix S: 
    0.096389 -0.000593201    0.0151659
-0.000593201   0.00271309 -0.000831726
   0.0151659 -0.000831726     0.195265
  Innovation covariance matrix inversed Si: 
  10.5144   2.05124 -0.807898
  2.05124   369.466   1.41441
-0.807898   1.41441   5.19003
  Optimal KALMAN gain matrix K: 
 0.0475694  -0.776205  0.0632651
 0.0251472   0.918683  0.0359099
  0.133698   -3.92134    0.46623
-0.0778456    5.54097   0.260219
  New state x (px, py, vx, vy): 
 1.68738
0.683061
 5.28908
 1.86087
  New error noise P: 
 0.00430302  0.00116629   0.0135451  -0.0106037
 0.00116629  0.00243501 0.000897517  0.00393494
  0.0135451 0.000897517   0.0776517  -0.0433473
 -0.0106037  0.00393494  -0.0433473     0.11127
--- KALMAN: UpdateWithY - End
- - - - - - - - - - - - - - - - - - - - - - - - - - - - - -
  Measurement function hx (roh, phi, rho_dot): 
 1.78049
0.547424
   5.564
  Measurement post fit y: 
-0.0821871
 -0.249144
  -0.35401
--- KALMAN: UpdateEKF - End
- - - - - - - - - - - - - - - - - - - - - - - - - - - - - -
  Delta time: 0.05
  EKF model F: 
   1    0 0.05    0
   0    1    0 0.05
   0    0    1    0
   0    0    0    1
  EKF process noise Q: 
1.40625e-05           0   0.0005625           0
          0 1.40625e-05           0   0.0005625
  0.0005625           0      0.0225           0
          0   0.0005625           0      0.0225
  EKF state x: 
 1.68738
0.683061
 5.28908
 1.86087
  EKF error noise P: 
 0.00430302  0.00116629   0.0135451  -0.0106037
 0.00116629  0.00243501 0.000897517  0.00393494
  0.0135451 0.000897517   0.0776517  -0.0433473
 -0.0106037  0.00393494  -0.0433473     0.11127
--- EKF: ProcessMeasurement - End
- - - - - - - - - - - - - - - - - - - - - - - - - - - - - -
= = = = = = = = = = = = = = = = = = = = = = = = = = = = = =
Tools: CalculateRMSE - Start
  RMSE: 
0.285709
0.105229
 3.71355
 2.73564
--- Tools: CalculateRMSE - End
- - - - - - - - - - - - - - - - - - - - - - - - - - - - - -
  Message: 42["estimate_marker",{"estimate_x":1.68738185827234,"estimate_y":0.683061252873546,"rmse_vx":3.71355260438373,"rmse_vy":2.73563603502862,"rmse_x":0.285709243929438,"rmse_y":0.105229322530816}]
--- Main: onMessage - End
Main: onMessage - Start
  Time stamp: 1477010443300000
  Sensor type (string): L
= = = = = = = = = = = = = = = = = = = = = = = = = = = = = =
EKF: ProcessMeasurement - Start
  Time stamp: 1477010443300000
  Sensor type: 0
  Raw measurements: 
 2.18882
0.648739
  Inititialized: 1
= = = = = = = = = = = = = = = = = = = = = = = = = = = = = =
KALMAN: Predict - Start
  Model F: 
   1    0 0.05    0
   0    1    0 0.05
   0    0    1    0
   0    0    0    1
  State x (px, py, vx, vy): 
 1.68738
0.683061
 5.28908
 1.86087
  Error noise P: 
 0.00430302  0.00116629   0.0135451  -0.0106037
 0.00116629  0.00243501 0.000897517  0.00393494
  0.0135451 0.000897517   0.0776517  -0.0433473
 -0.0106037  0.00393494  -0.0433473     0.11127
  Process noise Q: 
1.40625e-05           0   0.0005625           0
          0 1.40625e-05           0   0.0005625
  0.0005625           0      0.0225           0
          0   0.0005625           0      0.0225
  Inverse model Ft: 
   1    0    0    0
   0    1    0    0
0.05    0    1    0
   0 0.05    0    1
  New state x (px, py, vx, vy): 
 1.95184
0.776105
 5.28908
 1.86087
  New error noise P: 
 0.00586571 0.000572606   0.0179902  -0.0127711
0.000572606  0.00312074 -0.00126985   0.0100609
  0.0179902 -0.00126985    0.100152  -0.0433473
 -0.0127711   0.0100609  -0.0433473     0.13377
--- KALMAN: Predict - End
- - - - - - - - - - - - - - - - - - - - - - - - - - - - - -
= = = = = = = = = = = = = = = = = = = = = = = = = = = = = =
KALMAN: Update - Start
  Measurement z: 
 2.18882
0.648739
  Measurement matrix H: 
1 0 0 0
0 1 0 0
  State x (px, py, vx, vy): 
 1.95184
0.776105
 5.28908
 1.86087
= = = = = = = = = = = = = = = = = = = = = = = = = = = = = =
KALMAN: UpdateWithY - Start
  Measurement post fit y: 
 0.236988
-0.127366
  State x (px, py, vx, vy): 
 1.95184
0.776105
 5.28908
 1.86087
  Error noise P: 
 0.00586571 0.000572606   0.0179902  -0.0127711
0.000572606  0.00312074 -0.00126985   0.0100609
  0.0179902 -0.00126985    0.100152  -0.0433473
 -0.0127711   0.0100609  -0.0433473     0.13377
  Measurement matrix H: 
1 0 0 0
0 1 0 0
  Identity matrix I: 
1 0 0 0
0 1 0 0
0 0 1 0
0 0 0 1
  Measurement matrix transposed Ht: 
1 0
0 1
0 0
0 0
  Innovation covariance matrix S: 
  0.0283657 0.000572606
0.000572606   0.0256207
  Innovation covariance matrix inversed Si: 
  35.2697 -0.788255
-0.788255   39.0485
  Optimal KALMAN gain matrix K: 
  0.206431  0.0177357
 0.0177357   0.121409
  0.635509 -0.0637665
 -0.458364   0.402932
  New state x (px, py, vx, vy): 
  1.9985
0.764845
 5.44781
 1.70093
  New error noise P: 
 0.00464469 0.000399054    0.014299  -0.0103132
0.000399054   0.0027317 -0.00143475  0.00906596
   0.014299 -0.00143475   0.0886378  -0.0345896
 -0.0103132  0.00906596  -0.0345896    0.123862
--- KALMAN: UpdateWithY - End
- - - - - - - - - - - - - - - - - - - - - - - - - - - - - -
  Measurement post fit y: 
 0.236988
-0.127366
--- KALMAN: Update - End
- - - - - - - - - - - - - - - - - - - - - - - - - - - - - -
  Delta time: 0.05
  EKF model F: 
   1    0 0.05    0
   0    1    0 0.05
   0    0    1    0
   0    0    0    1
  EKF process noise Q: 
1.40625e-05           0   0.0005625           0
          0 1.40625e-05           0   0.0005625
  0.0005625           0      0.0225           0
          0   0.0005625           0      0.0225
  EKF state x: 
  1.9985
0.764845
 5.44781
 1.70093
  EKF error noise P: 
 0.00464469 0.000399054    0.014299  -0.0103132
0.000399054   0.0027317 -0.00143475  0.00906596
   0.014299 -0.00143475   0.0886378  -0.0345896
 -0.0103132  0.00906596  -0.0345896    0.123862
--- EKF: ProcessMeasurement - End
- - - - - - - - - - - - - - - - - - - - - - - - - - - - - -
= = = = = = = = = = = = = = = = = = = = = = = = = = = = = =
Tools: CalculateRMSE - Start
  RMSE: 
0.273266
0.113664
 3.47484
 2.62565
--- Tools: CalculateRMSE - End
- - - - - - - - - - - - - - - - - - - - - - - - - - - - - -
  Message: 42["estimate_marker",{"estimate_x":1.9984985416149,"estimate_y":0.764844716939557,"rmse_vx":3.47484402340564,"rmse_vy":2.62564928809956,"rmse_x":0.273266263075107,"rmse_y":0.113663977403288}]
--- Main: onMessage - End
Main: onMessage - Start
  Time stamp: 1477010443350000
  Sensor type (string): R
= = = = = = = = = = = = = = = = = = = = = = = = = = = = = =
EKF: ProcessMeasurement - Start
  Time stamp: 1477010443350000
  Sensor type: 1
  Raw measurements: 
 2.04438
0.276002
 5.04387
  Inititialized: 1
= = = = = = = = = = = = = = = = = = = = = = = = = = = = = =
KALMAN: Predict - Start
  Model F: 
   1    0 0.05    0
   0    1    0 0.05
   0    0    1    0
   0    0    0    1
  State x (px, py, vx, vy): 
  1.9985
0.764845
 5.44781
 1.70093
  Error noise P: 
 0.00464469 0.000399054    0.014299  -0.0103132
0.000399054   0.0027317 -0.00143475  0.00906596
   0.014299 -0.00143475   0.0886378  -0.0345896
 -0.0103132  0.00906596  -0.0345896    0.123862
  Process noise Q: 
1.40625e-05           0   0.0005625           0
          0 1.40625e-05           0   0.0005625
  0.0005625           0      0.0225           0
          0   0.0005625           0      0.0225
  Inverse model Ft: 
   1    0    0    0
   0    1    0    0
0.05    0    1    0
   0 0.05    0    1
  New state x (px, py, vx, vy): 
 2.27089
0.849891
 5.44781
 1.70093
  New error noise P: 
  0.00631025 -0.000274817    0.0192933   -0.0120427
-0.000274817   0.00396201  -0.00316423    0.0158216
   0.0192933  -0.00316423     0.111138   -0.0345896
  -0.0120427    0.0158216   -0.0345896     0.146362
--- KALMAN: Predict - End
- - - - - - - - - - - - - - - - - - - - - - - - - - - - - -
= = = = = = = = = = = = = = = = = = = = = = = = = = = = = =
Tools: CalculateJacobian - Start
  State x (px, py, vx, vy): 
 2.27089
0.849891
 5.44781
 1.70093
  Jacobian Hj: 
 0.936558  0.350511         0         0
-0.144558  0.386255         0         0
0.0457529 -0.122251  0.936558  0.350511
--- Tools: CalculateJacobian - End
- - - - - - - - - - - - - - - - - - - - - - - - - - - - - -
= = = = = = = = = = = = = = = = = = = = = = = = = = = = = =
KALMAN: UpdateEKF - Start
  Measurement z: 
 2.04438
0.276002
 5.04387
  State x (px, py, vx, vy): 
 2.27089
0.849891
 5.44781
 1.70093
= = = = = = = = = = = = = = = = = = = = = = = = = = = = = =
KALMAN: UpdateWithY - Start
  Measurement post fit y: 
 -0.380335
-0.0821153
 -0.654518
  State x (px, py, vx, vy): 
 2.27089
0.849891
 5.44781
 1.70093
  Error noise P: 
  0.00631025 -0.000274817    0.0192933   -0.0120427
-0.000274817   0.00396201  -0.00316423    0.0158216
   0.0192933  -0.00316423     0.111138   -0.0345896
  -0.0120427    0.0158216   -0.0345896     0.146362
  Measurement matrix H: 
 0.936558  0.350511         0         0
-0.144558  0.386255         0         0
0.0457529 -0.122251  0.936558  0.350511
  Identity matrix I: 
1 0 0 0
0 1 0 0
0 0 1 0
0 0 0 1
  Measurement matrix transposed Ht: 
 0.936558 -0.144558 0.0457529
 0.350511  0.386255 -0.122251
        0         0  0.936558
        0         0  0.350511
  Innovation covariance matrix S: 
  0.0958413 -0.00040341   0.0140024
-0.00040341  0.00165366 -0.00124303
  0.0140024 -0.00124303    0.183467
  Innovation covariance matrix inversed Si: 
   10.558      1.98 -0.792387
     1.98   608.187    3.9695
-0.792387    3.9695   5.53794
  Optimal KALMAN gain matrix K: 
 0.0481351  -0.551583  0.0698268
 0.0134012   0.965415  0.0168838
 0.0972481   -2.03589   0.486955
-0.0579944    4.82933   0.126651
  New state x (px, py, vx, vy): 
 2.25217
0.754468
 5.25928
 1.24353
  New error noise P: 
 0.00447922 0.000391146  0.00975432 -0.00858233
0.000391146  0.00239587 -0.00109316  0.00804069
 0.00975432 -0.00109316    0.055922  -0.0260426
-0.00858233  0.00804069  -0.0260426     0.10603
--- KALMAN: UpdateWithY - End
- - - - - - - - - - - - - - - - - - - - - - - - - - - - - -
  Measurement function hx (roh, phi, rho_dot): 
 2.42472
0.358117
 5.69838
  Measurement post fit y: 
 -0.380335
-0.0821153
 -0.654518
--- KALMAN: UpdateEKF - End
- - - - - - - - - - - - - - - - - - - - - - - - - - - - - -
  Delta time: 0.05
  EKF model F: 
   1    0 0.05    0
   0    1    0 0.05
   0    0    1    0
   0    0    0    1
  EKF process noise Q: 
1.40625e-05           0   0.0005625           0
          0 1.40625e-05           0   0.0005625
  0.0005625           0      0.0225           0
          0   0.0005625           0      0.0225
  EKF state x: 
 2.25217
0.754468
 5.25928
 1.24353
  EKF error noise P: 
 0.00447922 0.000391146  0.00975432 -0.00858233
0.000391146  0.00239587 -0.00109316  0.00804069
 0.00975432 -0.00109316    0.055922  -0.0260426
-0.00858233  0.00804069  -0.0260426     0.10603
--- EKF: ProcessMeasurement - End
- - - - - - - - - - - - - - - - - - - - - - - - - - - - - -
= = = = = = = = = = = = = = = = = = = = = = = = = = = = = =
Tools: CalculateRMSE - Start
  RMSE: 
0.263609
0.117999
 3.27618
 2.50724
--- Tools: CalculateRMSE - End
- - - - - - - - - - - - - - - - - - - - - - - - - - - - - -
  Message: 42["estimate_marker",{"estimate_x":2.25217205267155,"estimate_y":0.754467884071031,"rmse_vx":3.27618284981228,"rmse_vy":2.50723852877426,"rmse_x":0.26360906114784,"rmse_y":0.117999275690553}]
--- Main: onMessage - End
Main: onMessage - Start
  Time stamp: 1477010443400000
  Sensor type (string): L
= = = = = = = = = = = = = = = = = = = = = = = = = = = = = =
EKF: ProcessMeasurement - Start
  Time stamp: 1477010443400000
  Sensor type: 0
  Raw measurements: 
2.65526
0.66598
  Inititialized: 1
= = = = = = = = = = = = = = = = = = = = = = = = = = = = = =
KALMAN: Predict - Start
  Model F: 
   1    0 0.05    0
   0    1    0 0.05
   0    0    1    0
   0    0    0    1
  State x (px, py, vx, vy): 
 2.25217
0.754468
 5.25928
 1.24353
  Error noise P: 
 0.00447922 0.000391146  0.00975432 -0.00858233
0.000391146  0.00239587 -0.00109316  0.00804069
 0.00975432 -0.00109316    0.055922  -0.0260426
-0.00858233  0.00804069  -0.0260426     0.10603
  Process noise Q: 
1.40625e-05           0   0.0005625           0
          0 1.40625e-05           0   0.0005625
  0.0005625           0      0.0225           0
          0   0.0005625           0      0.0225
  Inverse model Ft: 
   1    0    0    0
   0    1    0    0
0.05    0    1    0
   0 0.05    0    1
  New state x (px, py, vx, vy): 
 2.51514
0.816644
 5.25928
 1.24353
  New error noise P: 
  0.00560852 -0.000157735    0.0131129  -0.00988446
-0.000157735   0.00347908   -0.0023953    0.0139047
   0.0131129   -0.0023953     0.078422   -0.0260426
 -0.00988446    0.0139047   -0.0260426      0.12853
--- KALMAN: Predict - End
- - - - - - - - - - - - - - - - - - - - - - - - - - - - - -
= = = = = = = = = = = = = = = = = = = = = = = = = = = = = =
KALMAN: Update - Start
  Measurement z: 
2.65526
0.66598
  Measurement matrix H: 
1 0 0 0
0 1 0 0
  State x (px, py, vx, vy): 
 2.51514
0.816644
 5.25928
 1.24353
= = = = = = = = = = = = = = = = = = = = = = = = = = = = = =
KALMAN: UpdateWithY - Start
  Measurement post fit y: 
  0.14012
-0.150664
  State x (px, py, vx, vy): 
 2.51514
0.816644
 5.25928
 1.24353
  Error noise P: 
  0.00560852 -0.000157735    0.0131129  -0.00988446
-0.000157735   0.00347908   -0.0023953    0.0139047
   0.0131129   -0.0023953     0.078422   -0.0260426
 -0.00988446    0.0139047   -0.0260426      0.12853
  Measurement matrix H: 
1 0 0 0
0 1 0 0
  Identity matrix I: 
1 0 0 0
0 1 0 0
0 0 1 0
0 0 0 1
  Measurement matrix transposed Ht: 
1 0
0 1
0 0
0 0
  Innovation covariance matrix S: 
   0.0281085 -0.000157735
-0.000157735    0.0259791
  Innovation covariance matrix inversed Si: 
 35.5776 0.216014
0.216014  38.4938
  Optimal KALMAN gain matrix K: 
   0.199504 -0.00486032
-0.00486032    0.133889
   0.466009  -0.0893715
  -0.348662     0.53311
  New state x (px, py, vx, vy): 
 2.54382
0.795791
 5.33804
 1.11435
  New error noise P: 
  0.00448884 -0.000109357    0.0104852  -0.00784489
-0.000109357    0.0030125  -0.00201086     0.011995
   0.0104852  -0.00201086    0.0720972   -0.0201937
